
0110000010100000000101110010101000100100000010100011111110010100110100100100110110011000110011011000000010111001111110010100111111
1010101101111001100011110101000000011110000100100100110010101010100011110001011110101010111111011011101111011100110111010011110001
0111001011000011011111010010110011101111010101100101110001000000000100000011011001110001100010010011001010011011111000100100010100
0101110001000101111110010001100111110111101001001101110110010111011100001000101111111110111101000100101110110000011010000011111100
1100100101111110100111011001111110100101111111011111101110010010101101110000110110011100100011111001000011110011001100011000010001
1100011110011010000000110110000111011101101110011000111100111100110100100011001010001010101010000000111111100111001101001011000011
1001100101111110100111010101101011110110010111101010010000000000111100011110110001010111010110101000100110010010000101100011010000
0000000101101100010010111100100110101000100100011000100001100111100110000010101011011000110010011011011101111111100001110101000001
1101011000011101011010110110111101011111011101001101011110001111011101010110111010100110001100110010010000111100000010111011111010
1011111110001111110011011010110011110011100101100011000111011010110000001010010010011100011010101010110100000100110100111100100000
0110001011010000111000101011101000110101100010000100010000011110101000100111010110101100110000101011111000011011101011000011110111
1001100010100110100000101010011000101001100110100111000111000110101100000111111011111011100011101100010100101110011111110110111100
0001101111110001001001001000010101100000010000110110111001000100111011100101000001010010110001110001001101110111100101010000111110
0110010011010100100101010101111011111011100001011010101011100000010011001100110001001100001111001001000010011110001101011010000000
1110111010001101001001111110101101000111000101100110111001111011100101000011101100111010001010111111100001001010011101100010101111
0011100100010101000011001010100010000101010111100010001010111000000001100000110100111000010111111110010111000011011111001100101110
1101100011001000001100011001011011011111111011011010110011111111111111011011010010101100111001111011010111110111010111011101100010
1010110110100101110011100111000101100000010000011000111111101110111000101001111010000001010011010101101110000000111101000010001101
1001101101110111000011011010110101010001100010110100111111010110000101010100010011101111100110001001110111010001110011110110110111
0111111101111111000010000011101010000000111010010001001101001111110111011110111000111111110011000111010000011100110000110111001110
0100001011101101000010101111100110101001001000100001100000100001100110100001100110001100100000000101100011011011100011010111000100
0111101011000111110010110111010100100001001100011110101111100110101101001110111111111100110111001011010101001101111000100010111100
1010111011001001110110111100011101101101110110100001011011110000100100111100000101011011000101001001000001011011100111101101110000
1101101101110011100000111110000000101010010011000010110000111110101101001000101100111011001101011001101000000010111101001000001100
0001101011010111011100000000111010101001101010111101011101101001000100110111001100001000000001001111001111100001101111011101101000
0010011100001001100011011100001010001000101101111010111000000111110001110101100001011111110100011000111111010000011101011110101000
0010011001110100001010010010001001101001101111001110000000010110000110110010001111110000011000111010100100011111101011111100111100
1100110111100011000110010001100011001010001010010010101111000011000100010111010001001011101011101011100111100110011111001010100110
1000111100111010111011110101011101111111000011000011110101111000000110100010000000000110000111100101101101101000011000000011111011
0111010100110111001001001011010111010011000001001011001111000011110011111001001010110111111101111001101011111101100010110011101100
0010101111000000111001110110011110100010101011110000100111101010110110011111100110011110101001001111101001111011001101100000101111
1100101011100100110000101010110001100001011111001101111001101001110011100010101010110010100101110011100101111110100100010001011001
0110111110001010011110111111100011011101011100011001101111011001100010010100111001110100111111001011010110010011101100110111010110
1011000100100110000001100100000011001110100001011100100110000000011001110010011010011000010000101100000000111010000000111010011001
0100111100000100101110111110011011000101010011110000000101100111110111010001001111000001010001010000001011101100101101101010110000
1001111101010101101001001011100001001010110101010110001100111011000110101101001011100101100010010000100010101100000110000011100101
0111111110110111110101001011111111101110010110011011101000011110111111101001100010011001011000101100000000011110001101001100100101
0110011011100000010111101111000010111111110100110001101101000111100101101001100101011011011011101111110011010001100001010111000010
1011011011000000010011001100100101001001100100000010010000010011111011111100011001000000010011001101010101100100010110110000111000
1000101110011010100110011001111101101010000010011011101010010010011101110110010001001100000100000110011000110011101010000000010011
1011011100101111011000001110101100001100010111111111101010111011110001000100100000001000111001111011011101100100000010111001001001
0011101001101111101001100011111110010110100111111100111111110010011011000110110110100011101111001100101011010011110010000000010100
1010101010100111001100010000011010101100111101010010010001011110110001111101101010101000111010110100000111110000001011000101001110
0010111010010010101010110000100111100111101111001001111111001011001001001010000110010000110001100001101101010101101101000101001010
1100010001100011000011011111101010000001000101011000100011000001001001010100011000111111010101110000100011010010010000111000010001
0010001000001001010001011010111101110100100000100110110000011000010000100010001110001010110011100100100101111010110011101010110101
0000101100111111011110110000000011110100111101001011111011010100001011101111000101111101001100101000110001101001001101011001111101
1011100001001100001110000100110110110100001100000001101101110010110100010100000100101110010111010101010110100011111100110011111110
1001011011010010110111111111010111001110110111011000101010100011110010000100110110100010100100010011001111111000110101110110100110
1101011010011110011111011011100110101111100101110010110000101011110000011110100010010001011100000101111010000100011001110110101010
1110010110101100101111000111010001001000111101100101100011101010101000001001111110100100001110111010101111100101100010011001010010
1011011100100011100101000110100000000010100010101000101101111100100011100011000010010001001101011100001110000000011111110001011101
1010000111011000100010101011001000010011010101111010101111000111001110110010111010101001101101111101111010111100101100110111011100
0111000001111111011100001110011001101111011101001111101110010011000101111010011101001010100110010101010100100111101100101111111110
0000010011000100111100000111001011100110110111000010101101010110110001110110111101010100101010010101011110000001011101101110001110
1001100000111100100110111101111110101011110101110011111100110000100010001000000100000110111000110011010010011111010101011100010001
1111111000000110100001111000010100111101010000101000111011110110001000101100101011100001000111101000011010101010000101001101011110
0101100111100111100000011010110000011111001111100101110010000011010000110110000010011101101101110000110111011000010100101010101100
0011001110110001001110000000011011001010111011011101011100010100000001011100010111011011101010101110011010001000110110001011010111
0011101101010000101010011010010001100101011100010110100001111011011010011111110011011110110101011000110010011111110111110111011111
1101110101011100001101011110001100111001111010000101010010111010111010000001011110000010110101000111111011101000010000101100011010 - See more at: http://www.incredibleart.org/links/ascii/ascii_gallery.html#sthash.4c8Y1kbk.dpuf